1698131792.399804831
1698131793.399809122
1698131794.899918079
1698131795.899877071
1698131796.399966955
1698131797.399984121
1698131797.899909973
1698131798.399967909
1698131799.899976969
1698131800.899976015
1698131801.399938107
1698131802.399974823
1698131802.899915934
1698131803.399991989
1698131804.399908066
1698131804.899837017
1698131805.399913073
1698131805.899991989
1698131806.399838924
1698131806.899897099
1698131807.899983883
1698131808.399823189
1698131808.899875164
1698131809.399823189
1698131809.899898767
1698131810.899913073
1698131811.399966002
1698131812.899855137
1698131814.399816036
1698131815.399986982
1698131815.899807930
1698131816.399935007
1698131816.899883032
1698131817.399976969
1698131818.899825811
1698131819.899974823
1698131820.399802208
1698131820.899988890
1698131821.399806976
1698131821.899980068
1698131822.399806976
1698131823.399806023
1698131823.899778128
1698131825.399896145
1698131825.899835825
1698131826.399946928
1698131826.899908066
1698131827.399991989
1698131827.899924040
1698131828.399995804
1698131828.899817944
1698131829.399810076
1698131829.899891853
1698131830.399976969
1698131831.399898767
1698131831.899891853
1698131832.399837971
1698131833.399875164
1698131833.899807930
1698131834.399876118
1698131834.899834156
1698131835.399934053
1698131835.899896145
1698131836.899813890
1698131837.399914980
1698131837.899990082
1698131838.399940014
1698131839.899934053
1698131840.899964809
1698131841.399922848
1698131841.899981976
1698131842.399890900
1698131842.899834156
1698131844.399809122
1698131845.399962187
1698131845.899899960
1698131846.399977922
1698131846.899914026
1698131847.899807930
1698131848.399884939
1698131848.899816036
1698131849.899976969
1698131852.899994135
1698131853.399986982
1698131853.899804831
1698131854.899981976
1698131855.399831057
1698131855.899921894
1698131856.399875164
1698131856.899802923
1698131858.399883986
1698131859.399899960
1698131860.399920225
1698131860.899783850
1698131863.899924994
1698131864.399898052
1698131865.899909973
1698131866.899837971
1698131868.899936914
1698131869.899976015
1698131870.399901867
1698131870.899825811
1698131871.899841070
1698131872.399973869
1698131873.399814844
1698131876.399984837
1698131876.899904966
1698131877.399994135
1698131877.899838924
1698131878.399935007
1698131878.899896145
1698131879.399831057
1698131880.399904013
1698131880.899847031
1698131881.899877787
1698131882.399973869
1698131883.399998903
1698131883.899833202
1698131884.399909019
1698131884.899842024
1698131885.899887085
1698131886.399828911
1698131887.399811029
1698131888.399884939
1698131889.399823189
1698131889.899778128
1698131890.399888992
1698131890.899821043
1698131891.899973154
1698131893.399883986
1698131893.899834871
1698131894.899888039
1698131895.899920940
1698131896.399888992
1698131897.399813890
1698131897.899977922
1698131898.899897099
1698131899.399884939
1698131900.399896145
1698131901.399825811
1698131902.399969101
1698131902.899930954
1698131903.399775982
1698131904.899993181
1698131905.399816990
1698131905.899785995
1698131907.399778128
1698131907.899979115
1698131908.399809122
1698131908.899903059
1698131909.899814844
1698131910.899890900
1698131911.399976015
1698131911.899796963
1698131912.399800062
1698131912.899994135
1698131913.899813890
1698131914.399775982
1698131915.399917126
1698131916.399980068
1698131916.899900913
1698131917.399971008
1698131917.899810076
1698131918.399786949
1698131918.899979115
1698131919.399909019
1698131920.399976015
1698131921.399775028
1698131921.899986982
1698131922.399821997
1698131922.899922848
1698131923.899979115
1698131924.399832010
1698131924.899931908
1698131925.399893999
1698131925.899817944
1698131926.899803877
1698131928.399806976
1698131928.899886131
1698131929.399883032
1698131930.399914980
1698131930.899972200
1698131931.399802208
1698131931.899986982
1698131932.399837017
1698131932.899913073
1698131933.399970055
1698131934.399811029
1698131935.399966002
1698131936.399995804
1698131936.899813175
1698131937.399890900
1698131937.899842024
1698131938.899811029
1698131939.399830103
1698131939.899811983
1698131940.399901867
1698131940.899840117
1698131941.399832010
1698131941.899897099
1698131942.399973869
1698131942.899906158
1698131943.399908066
1698131943.899986982
1698131944.399817944
1698131944.899888039
1698131945.399830103
1698131945.899904013
1698131946.399909019
1698131946.899984837
1698131947.399976015
1698131947.899929047
1698131948.399898767
1698131949.399821043
1698131950.399875164
1698131951.899888039
1698131952.399984121
1698131952.899821043
1698131954.399940014
1698131954.899888039
1698131956.399980068
1698131956.899821997
1698131957.899990082
1698131958.399821043
1698131959.899827957
1698131960.399884939
1698131961.899941921
1698131963.399888992
1698131963.899981976
1698131964.399793863
1698131964.899877071
1698131965.399842024
1698131965.899907112
1698131966.399983168
1698131966.899785995
1698131967.899828911
1698131968.399911880
1698131968.899996996
1698131969.399847031
1698131969.899915934
1698131970.399984837
1698131970.899821043
1698131971.399913073
1698131971.899988890
1698131972.399821043
1698131972.899888039
1698131973.899914980
1698131974.399995804
1698131975.899878979
1698131976.399914980
1698131976.899983168
1698131977.399824858
1698131977.899930000
1698131978.399909019
1698131979.399845839
1698131980.399882078
1698131980.899827003
1698131981.899973869
1698131982.899891853
1698131983.399986982
1698131983.899898052
1698131984.399879932
1698131984.899834156
1698131985.399814844
1698131985.899983883
1698131987.399910927
1698131987.899973154
1698131989.399980068
1698131989.899907112
1698131990.399991989
1698131990.899921894
1698131991.399901867
1698131991.899817944
1698131992.399904966
1698131992.899963856
1698131993.399918079
1698131993.899897099
1698131994.399973869
1698131994.899904966
1698131995.399988890
1698131996.399880886
1698131996.899813175
1698131997.399910927
1698131998.399876118
1698131998.899837017
1698131999.399973869
1698131999.899924040
1698132000.899795055
1698132001.899976015
1698132002.399932861
1698132002.899986029
1698132003.399828911
1698132003.899907112
1698132004.399973154
1698132004.899893999
1698132005.399996996
1698132005.899809122
1698132006.399884939
1698132007.399917126
1698132009.399824858
1698132011.899901867
1698132012.899929047
1698132013.399939060
1698132013.899908066
1698132014.399818897
1698132015.399962187
1698132016.399879932
1698132017.399925947
1698132018.899915934
1698132019.399981976
1698132019.899938107
1698132020.399909019
1698132021.399932861
1698132021.899888992
1698132022.899776936
1698132023.399893999
1698132023.899979115
1698132024.399824858
1698132024.899891853
1698132025.899919033
1698132027.399827003
1698132028.399883032
1698132028.899833202
1698132029.399909019
1698132029.899990082
1698132030.899880886
1698132031.399976969
1698132031.899906158
1698132032.399976015
1698132033.399880886
1698132033.899802923
1698132034.899966002
1698132035.399910927
1698132036.899979115
1698132037.899898767
1698132038.399971008
1698132039.399988890
1698132039.899977922
1698132040.399806976
1698132041.399996996
1698132041.899821043
1698132043.399806023
1698132043.899884939
1698132045.399949074
1698132046.399782896
1698132047.399848938
1698132048.399880886
1698132048.899816990
1698132049.899821997
1698132050.399893999
1698132050.899841070
1698132051.399932861
1698132051.899971008
1698132052.399797916
1698132052.899893045
1698132053.399991989
1698132053.899821043
1698132054.399920225
1698132054.899966002
1698132055.399827957
1698132055.899994850
1698132056.399967909
1698132060.799906969
1698132061.299978018
1698132061.799909115
1698132062.299983025
1698132062.799793959
1698132063.799812078
1698132064.299897194
1698132064.799984217
1698132068.299929142
1698132068.799880981
1698132069.799881935
1698132070.799901009
1698132071.299885035
1698132071.799816847
1698132072.799832106
1698132073.299783945
1698132073.799993038
1698132074.299849987
1698132075.799989939
1698132076.299811125
1698132076.799891949
1698132077.299991131
1698132079.299888134
1698132079.799821138
1698132080.299996853
1698132081.799889803
1698132082.299779177
1698132083.799991131
1698132084.299814939
1698132085.299968004
1698132085.799930096
1698132086.299890995
1698132086.799819946
1698132087.299897194
1698132088.799808979
1698132089.299897194
1698132089.799995899
1698132090.299880028
1698132090.799825907
1698132091.299845934
1698132091.799919128
1698132092.799846888
1698132093.299911022
1698132093.799878836
1698132094.799932003
1698132095.299996853
1698132095.799826860
1698132097.299895048
1698132097.799960136
1698132098.299991131
1698132098.799904108
1698132099.299845219
1698132100.299793005
1698132100.799986839
1698132101.299925089
1698132102.299979925
1698132103.799829006
1698132104.299885035
1698132104.799814939
1698132105.299967051
1698132106.299888849
1698132106.799983025
1698132107.299998999
1698132107.799844027
1698132108.299882889
1698132108.799833059
1698132109.299909115
1698132109.799877167
1698132110.299825907
1698132111.299888849
1698132111.799834967
1698132112.299885988
1698132112.799880028
1698132113.299801111
1698132114.299968958
1698132114.799812078
1698132115.799818039
1698132116.299885035
1698132116.799798965
1698132118.799818993
1698132120.299844027
1698132121.299894094
1698132121.799829960
1698132122.799835920
1698132123.299898863
1698132123.799977064
1698132124.299821138
1698132124.799926996
1698132125.299877167
1698132125.799839973
1698132126.299909830
1698132126.799978018
1698132127.299998045
1698132128.799933910
1698132129.299885035
1698132129.799979925
1698132141.499926090
1698132141.999990940
1698132142.499804020
1698132142.999899864
1698132143.499827862
1698132143.999879837
1698132144.499965906
1698132144.999917984
1698132145.999930859
1698132146.499902010
1698132146.999982119
1698132147.499922037
1698132147.999876022
1698132148.999933958
1698132149.499891996
1698132149.999835968
1698132150.499802113
1698132150.999964952
1698132151.499799967
1698132152.499811172
1698132152.999910831
1698132153.999816895
1698132154.999881983
1698132155.999909163
1698132156.999981165
1698132157.499938965
1698132157.999892950
1698132158.999834776
1698132159.999984980
1698132160.499813080
1698132161.499814987
1698132162.000100136
1698132162.499917030
1698132162.999840021
1698132163.499930143
1698132163.999875069
1698132164.999897003
1698132165.499881029
1698132165.999822140
1698132166.499930859
1698132166.999899864
1698132167.499826908
1698132167.999780178
1698132168.999922991
1698132169.499974966
1698132170.499881983
1698132171.499879837
1698132171.999836922
1698132172.499988079
1698132173.000027895
1698132173.499985933
1698132173.999912024
1698132174.499983788
1698132175.499881029
1698132175.999834061
1698132176.499812126
1698132176.999882936
1698132178.499975920
1698132179.499902964
1698132180.000051022
1698132180.499986887
1698132181.499913931
1698132181.999955893
1698132182.499896049
1698132182.999958992
1698132183.499912024
1698132183.999973059
1698132184.499824047
1698132184.999990940
1698132185.999794006
1698132187.499909163
1698132187.999979019
1698132188.499912977
1698132188.999989986
1698132190.499988079
1698132191.499982119
1698132191.999941826
1698132192.499895096
1698132192.999823809
1698132193.499888897
1698132193.999808073
1698132194.499923944
1698132196.999886990
1698132197.499830008
1698132198.499895096
1698132198.999972105
1698132199.499984980
1698132200.000003099
1698132200.499979973
1698132200.999923944
1698132202.499930859
1698132203.000087023
1698132203.499805927
1698132203.999889851
1698132204.499988079
1698132204.999851942
1698132205.499830008
1698132205.999912024
1698132207.499882936
1698132207.999834776
1698132208.499900818
1698132208.999830008
1698132209.499963999
1698132210.000096083
1698132210.499912024
1698132211.000002146
1698132211.499804020
1698132211.999882936
1698132213.000006914
1698132213.499965906
1698132213.999917030
1698132214.499896049
1698132215.499775887
1698132216.499920845
1698132217.499989986
1698132218.499985933
1698132218.999826908
1698132219.999962091
1698132220.999819040
1698132221.499910831
1698132221.999984026
1698132222.999902010
1698132224.499896049
1698132224.999963999
1698132225.499929190
1698132225.999984980
1698132226.499941826
1698132226.999989986
1698132227.499963999
1698132228.499964952
1698132228.999902010
1698132229.499969959
1698132229.999891996
1698132230.499885082
1698132230.999973059
1698132231.499823093
1698132232.499966860
1698132232.999934912
1698132233.499778032
1698132233.999823093
1698132234.999966860
1698132235.499969006
1698132236.000113964
1698132237.499982119
1698132237.999833107
1698132238.499886036
1698132238.999978065
1698132241.499888182
1698132242.000000954
1698132242.499982119
1698132242.999836922
1698132243.499804020
1698132243.999979973
1698132244.499822140
1698132244.999881029
1698132245.499961138
1698132246.499888897
1698132246.999795914
1698132247.499895096
1698132248.999881029
1698132249.499822140
1698132250.499996901
1698132250.999820948
1698132251.499912977
1698132251.999959946
1698132252.999973774
1698132253.499992132
1698132254.000028849
1698132254.499969006
1698132255.499992132
1698132256.499850988
1698132257.000000954
1698132257.499809980
1698132257.999789000
1698132258.499917030
1698132259.000033140
1698132260.499985933
1698132261.499973059
1698132262.000111103
1698132262.499829054
1698132262.999902010
1698132267.599911928
1698132268.099881887
1698132268.599925041
1698132269.099942923
1698132269.599920034
1698132270.099942923
1698132272.099884033
1698132272.599961042
1698132273.099983931
1698132274.599884987
1698132276.599832058
1698132277.599832058
1698132292.299780130
1698132292.799877167
1698132293.299811125
1698132294.299961090
1698132296.299998045
1698132296.799919128
1698132297.299882889
1698132297.799982071
1698132298.299794912
1698132299.799994946
1698132300.299829960
1698132300.799902916
1698132301.299979925
1698132302.299885988
1698132302.799962997
1698132304.299815893
1698132305.299798012
1698132305.799887180
1698132306.299814939
1698132306.799988985
1698132307.299805880
1698132307.799880981
1698132308.299961090
1698132308.799887896
1698132310.299994230
1698132310.799854994
1698132311.299798965
1698132311.799984932
1698132312.799894094
1698132313.299962044
1698132314.799821138
1698132315.299885035
1698132315.799854040
1698132316.299797058
1698132316.799998999
1698132317.299834967
1698132317.799894094
1698132318.799902916
1698132319.299978018
1698132319.799798012
1698132320.299981117
1698132320.799933910
1698132321.299897194
1698132321.799845934
1698132322.299813032
1698132324.299974918
1698132324.799797058
1698132325.299877167
1698132326.299888134
1698132326.799967051
1698132327.799887180
1698132328.299818993
1698132328.799985886
1698132329.299809933
1698132329.799880028
1698132330.299839973
1698132331.299832106
1698132331.799991131
1698132332.299808979
1698132332.799875021
1698132333.299995899
1698132333.799829006
1698132334.299940109
1698132334.799777031
1698132335.299878836
1698132335.799823046
1698132336.299929142
1698132337.299983025
1698132337.799887180
1698132338.799920797
1698132339.299994946
1698132339.799926996
1698132340.799918175
1698132341.299877882
1698132341.799834967
1698132342.299908161
1698132343.299813986
1698132344.299814939
1698132344.799916983
1698132346.299985886
1698132346.799930096
1698132347.799798965
1698132348.299991131
1698132348.799831152
1698132349.299920797
1698132349.799992085
1698132350.299807072
1698132350.799992085
1698132351.299819946
1698132352.299885035
1698132352.799839020
1698132353.299818039
1698132353.799998999
1698132354.299983025
1698132356.299991131
1698132356.799805880
1698132357.299781799
1698132357.799982071
1698132358.799885988
1698132359.299813986
1698132359.799989939
1698132360.299807072
1698132360.799889803
1698132361.299983978
1698132361.799825907
1698132362.299919128
1698132363.299836874
1698132363.799925089
1698132364.299895048
1698132364.799973965
1698132365.299824953
1698132366.299882889
1698132366.799826860
1698132367.799882889
1698132368.299968004
1698132369.299781084
1698132369.799992085
1698132370.299823046
1698132371.299783945
1698132374.899991035
1698132375.899887085
1698132376.399834871
1698132377.899847984
1698132378.399922848
1698132380.399830103
1698132380.899909973
1698132381.899828911
1698132382.399809122
1698132382.899883032
1698132383.399796009
1698132383.899993181
1698132384.399806976
1698132384.899911880
1698132385.399991989
1698132386.399925947
1698132386.899776936
1698132387.399981976
1698132387.899833202
1698132388.399904013
1698132388.899973154
1698132389.399796963
1698132389.899875164
1698132390.899886131
1698132391.399972200
1698132391.899888039
1698132393.399824858
1698132393.899898052
1698132395.399924994
1698132395.899991035
1698132396.399811029
1698132396.899896145
1698132398.399876118
1698132398.899963856
1698132399.899979115
1698132400.399816036
1698132400.899993181
1698132402.899994135
1698132403.399990082
1698132403.899833202
1698132404.399921894
1698132404.899991989
1698132405.399818897
1698132406.899893045
1698132407.399834871
1698132407.899952888
1698132408.899824142
1698132409.399887085
1698132409.899841070
1698132410.399934053
1698132410.899890900
1698132411.399981022
1698132411.899825811
1698132412.399932861
1698132413.399974823
1698132413.899809122
1698132414.399877071
1698132414.899825811
1698132416.899877787
1698132417.399814844
1698132417.899904966
1698132418.399986982
1698132419.399894953
1698132420.399883032
1698132420.899834871
1698132421.399911880
1698132421.899997950
1698132422.399823904
1698132422.899945974
1698132423.399899960
1698132423.899979115
1698132424.399816036
1698132424.899952888
1698132425.899824858
1698132427.399894953
1698132427.899980068
1698132428.399914980
1698132429.399806976
1698132429.899993181
1698132430.399816036
1698132431.399834871
1698132431.899898767
1698132433.399934053
1698132434.399810076
1698132434.899903059
1698132436.399891853
1698132436.899981022
1698132437.399799109
1698132438.899908066
1698132439.399966002
1698132439.899899960
1698132440.399837017
1698132440.899896145
1698132441.399984121
1698132441.899941921
1698132442.399792194
1698132442.899986029
1698132443.399823904
1698132444.399837971
1698132445.399997950
1698132446.399884939
1698132446.899976969
1698132447.399814844
1698132447.899782896
1698132448.399991035
1698132449.399994850
1698132449.899958134
1698132450.899775982
1698132451.899827003
1698132452.399896145
1698132452.899964809
1698132453.399824858
1698132453.899781942
1698132454.399878979
1698132455.399897099
1698132455.899875164
1698132456.899894953
1698132457.399984837
1698132457.899791956
1698132458.899983883
1698132459.399930954
1698132459.899904966
1698132461.399882078
1698132461.899820089
1698132462.899986029
1698132463.899780035
1698132464.399972200
1698132464.899824858
1698132465.399900913
1698132465.899834871
1698132466.399921894
1698132466.899995804
1698132467.399986982
1698132467.899817944
1698132468.399877071
1698132469.399832010
1698132469.899900913
1698132470.399977922
1698132470.899810076
1698132471.899830103
1698132472.399910927
1698132472.899988890
1698132473.399827003
1698132473.899917126
1698132474.399994135
1698132474.899845839
1698132475.399809122
1698132475.899880886
1698132476.399824858
1698132476.899877787
1698132477.399880886
1698132477.899816990
1698132478.399880886
1698132478.899804831
1698132479.399882078
1698132479.899834156
1698132480.899987936
1698132482.899924040
1698132484.399877787
1698132484.899824858
1698132486.399907112
1698132486.899986982
1698132487.399802923
1698132489.899893045
1698132490.399837017
1698132490.899921894
1698132491.899986029
1698132492.399962187
1698132493.399973154
1698132495.899816990
1698132496.899984837
1698132497.899919987
1698132498.899981976
1698132500.399984121
1698132500.899996996
1698132502.899974823
1698132503.899960041
1698132504.399809122
1698132505.399818897
